0001 IamSami 0 2.25 0 0 0 0 0 0 0 0 0.1 0 0 0 0 0 0 0 0 0 0 49 0 0 0 0 0 0 0 0 0 0 45 
1991 P1kAlMiG 2 2.25 1.25 2.25 0.25 2.45 2.45 2.45 14.3333 14.25 48.75 0 0 0 0 0 0 0 0 0 0 0 
6573 P1kAlMiG 0 0 0 0 0 0 0 0 0 0 0 0 0 0 0 0 0 0 0 0 0 0 
0741 Zohaib 0 0 0 0 0 0 0 0 0 0 0 0 0 1.25 0 0 0 0 0 0 12.75 29.5 
0742 P1kAlMiG 0 0 0 0 0 0 1.5 0 0 9.3 33.5 0 0 0 0 0 0 0 0 0 0 0 
0743 2Kb7FzP5 0 0 0 0 0 0 0 0 0 0 0 0 0 0 0 0 0 0 0 0 0 0 0 0 0 0 0 0 0 0 0 0 0 
0744 tM1QBI6D 0 0 0 0 0 0 0 0 0 0 0 0 0 0 0 0 0 0 0 0 0 0 0 0 0 0 0 0 0 0 0 0 0 
0765 SS92c31A 0 0 0 0 0 0 0 0 0 0 0 0 0 0 0 0 0 0 0 0 0 0 0 0 0 0 0 0 0 0 0 0 0 0 0 0 0 0 0 0 0 0 0 0 
0766 pgjk9lVK 0 0 0 0 0 0 0 0 0 0 0 0 0 0 0 0 0 0 0 0 0 0 
0767 7dmpdonx 0 0 0 0 0 0 0 0 0 0 0 
0987 RWd2Yvlz 0 2 0 0 0 0 0 0 0 0 50 
0999 RhbIO74S 0 0 0 0 0 0 0 0 0 0 0 
0777 OKYoSsQ7 0 0 0 0 0 0 0 0 0 0 0 
0666 sHeKcNBo 0 0 0 0 0 0 0 0 0 0 0 0 0 0 0 0 0 0 0 0 0 0 
0641 LLC0G8g8 0 0 0 0 0 0 0 0 0 0 0 
